00000000000200000000400000000000
00000000000100000000200000000000
00012000000000000000000000000000
00021000000000000000000000000000
00000000100240000000000040800020
00000000800110000000000040800040
00002040800020400000102040001020
00001020800010200000204040002040
00010040000000404000000040001000
00010020000000204000000040002000
00000000800000400080100040000020
00000000800000200080200040000040
00010040800020404000100000801020
00010020800010204000200000802040
00010040000020000080002000001000
00010020000010000080004000002000
00000000000100000000100000000000
00000000000100000000200000000000
00012000000000000000000000000000
00021000000000000000000000000000