#COLUMNS
#      3           2          1         0
00 00 00 00 00 10 00 00 00 00 10 00 00 00 00 00
00 00 00 00 00 00 00 00 00 00 00 00 00 08 08 00
40 00 40 40 00 00 00 00 00 10 10 10 00 00 00 00
40 40 00 40 40 40 00 00 08 08 00 08 08 08 00 00
00 40 00 40 00 00 00 40 08 00 00 00 08 00 08 00
40 00 00 40 00 40 40 00 08 00 00 08 00 00 00 00
40 40 40 00 00 40 00 40 08 08 00 08 08 00 08 00
00 40 00 00 40 00 40 00 00 08 00 00 08 00 08 00
00 00 00 00 00 40 00 00 00 00 08 00 00 00 00 00
00 00 00 00 00 00 00 00 00 00 00 00 00 08 08 00
40 00 40 40 00 00 00 00 00 10 10 10 00 00 00 00